6873
6874
6875
6923
6924
6925
6926
6973
6974
6975
6976
9374
9375
9376
9423
9424
9425
9426
9474
9475
9476
11827
11874
11875
11876
11877
11924
11925
11926
11927
11974
11975
11976
14326
14327
14374
14375
14376
14377
14424
14425
14426
14427
14475
14476
14477
16825
16826
16827
16874
16875
16876
16877
16924
16925
16926
16927
16928
16975
16976
16977
17026
19275
19324
19325
19326
19374
19375
19376
19377
19425
19426
19427
19428
19475
19476
19477
19478
19525
19526
19527
21624
21625
21626
21674
21675
21676
21724
21725
21726
21774
21775
21776
21824
21825
21826
21874
21875
21876
21877
21924
21925
21926
21927
21928
21975
21976
21977
21978
22025
22026
22027
24124
24125
24126
24127
24173
24174
24175
24176
24177
24223
24224
24225
24226
24227
24274
24275
24276
24324
24325
24326
24375
24376
24424
24425
24426
24427
24428
24475
24476
24477
24478
24526
24527
26574
26575
26623
26624
26625
26626
26627
26673
26674
26675
26676
26677
26723
26724
26725
26726
26727
26773
26774
26775
26776
26825
26826
26875
26876
26925
26926
26927
26928
26975
26976
26977
26978
27026
29124
29125
29126
29173
29174
29175
29176
29223
29224
29225
29226
29274
29275
29276
29427