5574
5575
5576
5623
5624
5625
5626
5673
5674
5675
5676
8074
8075
8076
8124
8125
8126
8174
8175
8176
8177
8227
10574
10575
10576
10577
10624
10625
10626
10627
10674
10675
10676
10677
10725
10726
10727
13075
13076
13077
13124
13125
13126
13127
13174
13175
13176
13177
13224
13225
13226
13227
15525
15526
15575
15576
15577
15625
15626
15627
15628
15674
15675
15676
15677
15725
15726
15776
18025
18026
18027
18075
18076
18077
18078
18125
18126
18127
18128
18175
18176
18177
18225
18226
18275
18276
20526
20527
20575
20576
20577
20578
20625
20626
20627
20628
20675
20676
20677
20725
20726
20727
20775
20776
20777
20824
20825
20826
20827
20874
20875
20876
20877
20924
20925
20926
20927
23026
23075
23076
23077
23078
23125
23126
23127
23128
23175
23176
23225
23226
23274
23275
23276
23277
23324
23325
23326
23327
23328
23374
23375
23376
23377
23378
23424
23425
23426
23427
23476
25576
25577
25626
25627
25628
25725
25774
25775
25776
25777
25824
25825
25826
25827
25828
25874
25875
25876
25877
25878
25924
25925
25926
25927
25976
28275
28276
28324
28325
28326
28327
28374
28375
28376
28377
28425
28426